[app/ui]
version = 6.2.0
modtime = 1420936436.077153200

[app/launcher]
version = 6.2.0
modtime = 1420936436.084153000

[nav/default]
version = 6.2.0
modtime = 1420939562.862682100